-54
-54
-54
-55
-56
-63
-63
-56
-55
-55
-63
-63
-63
-64
-58
-58
-56
-61
-57
-53
-55
-55
-59
-59
-54
-56
-56
-64
-64
-57
-64
-59
-59
-59
-55
-56
-55
-55
-57
-64
-56
-55
-55
-57
-60
-63
-56
-56
-60
-59
-55
-56
-63
-55
-54
-56
-54
-55
-55
-54
-55
-63
-63
-63
-55
-55
-64
-55
-56
-56
-64
-59
-55
-64
-64
-64
-64
-64
-55
-54
-55
-64
-59
-54
-55
-56
-59
-59
-55
-56
-57
-62
-55
-58
-63
-62
-56
-57
-57
-57
-59
-56
-56
-54
-54
-53
-53
-55
-56
-62
-63
-63
-62
-58
-55
-55
-54
-54
-57
-59
-61
-62
-54
-62
-55
-55
-55
-55
-55
-55
-54
-55
-59
-59
-55
-55
-62
-54
-54
-54
-54
-54
-55
-58
-62
-58
-54
-55
-57
-63
-53
-56
-60
-55
-57
-57
-56
-55
-55
-55
-55
-56
-57
-62
-62
-55
-57
-57
-55
-63
-63
-59
-56
-60
-63
-59
-55
-57
-63
-55
-63
-59
-57
-61
-63
-58
-58
-64
-63
-63
-63
-55
-55
-54
-60