-55
-55
-56
-63
-63
-54
-56
-63
-59
-63
-56
-56
-55
-63
-54
-65
-61
-61
-65
-65
-57
-55
-55
-61
-61
-55
-54
-54
-55
-55
-63
-56
-55
-59
-59
-55
-56
-55
-55
-55
-65
-63
-53
-55
-63
-60
-59
-59
-57
-57
-58
-58
-56
-62
-55
-56
-63
-63
-63
-63
-63
-63
-54
-55
-60
-63
-61
-54
-54
-55
-56
-57
-56
-59
-63
-56
-56
-55
-55
-62
-56
-57
-62
-63
-55
-55
-57
-60
-59
-59
-64
-63
-63
-63
-56
-63
-56
-55
-56
-60
-63
-59
-55
-56
-57
-62
-63
-55
-56
-63
-63
-62
-59
-59
-62
-62
-58
-55
-55
-62
-62
-55
-62
-53
-54
-55
-56
-54
-54
-63
-59
-56
-56
-55
-54
-56
-63
-63
-63
-59
-55
-55
-54
-58
-58
-54
-54
-54
-55
-55
-62
-55
-55
-55
-54
-54
-54
-54
-55
-58
-58
-56
-55
-55
-55
-63
-63
-58
-54
-55
-54
-55
-63
-55
-63
-63
-55
-59
-64
-65
-56
-56
-56
-64
-56
-55
-55
-56
-65
-64
-63
-55
-55
-56
-65
-65
-55
-55
-55
-55
-55
-55
-56
-55
-55
-56
-57
-57
-64
-63
-59
-55
-56
-60
-59
-59
-63
-55
-57
-63
-64
-64
-55
-56
-60
-64
-55
-55
-60
-64
-55
-55
-64
-57
-56
-56
-56
-60
-60
-57
-64
-64
-55
-55
-57
-57
-64
-57
-60
-64
-59
-56
-57
-57
-64
-59
-55
-55
-55
-56
-56
-64
-56
-64
-56
-56
-56
-56
-56
-57
-65
-60
-56
-64
-64
-64
-64
-56
-57
-57
-64
-64
-59
-55
-56
-60
-64
-64
-55
-56
-56
-55
-57
-57
-65
-61
-58
-57
-56
-57
-57
-57
-60
-63
-63
-55
-56
-63
-56
-58
-56
-56
-56
-55
-59
-60
-56
-63
-63
-56
-56
-64
-65
-55
-55
-56
-56
-60
-64
-56
-60
-64
-56
-63
-63
-64
-55
-59
-64
-56
-56
-59
-63
-63
-63
-55
-64
-63
-64
-60
-56
-62
-58
-55
-55
-56
-56
-64
-63
-63
-55
-55
-63
-59
-59
-63
-63
-58
-54
-65
-65
-55
-65
-64
-55
-55
-65
-59
-54
-55
-55
-56
-65
-65
-55
-56
-65
-65
-66
-62
-61
-64
-65
-57
-57
-65
-65
-57
-55
-64
-56
-56
-64
-64
-60
-55
-60
-64
-60
-56
-55
-55
-55
-56
-65
-56
-56
-65
-65
-64
-60
-56
-56
-55
-65
-55
-55
-55
-55
-55
-65
-60
-55
-55
-65
-65
-56
-65
-64
-59
-55
-56
-65
-65
-56
-56
-54
-54
-65
-55
-55
-56
-64
-64
-60
-55
-55
-55
-54
-54
-55
-55
-56
-57
-56
-57
-56
-64
-64
-60
-55
-65
-60
-60
-64
-65
-55
-56
-55
-56
-55
-55
-65
-60
-59
-63
-56
-57
-56
-64
-65
-64
-63
-63
-64
-64
-64
-57
-57
-57
-54
-61
-62
-62
-62
-56
-56
-64
-59
-55
-57
-57
-57
-64
-55
-55
-58
-58
-55
-56
-56
-57
-55
-55
-56
-65
-57
-56
-64
-55
-55
-55
-56
-64
-64
-64
-64
-64
